
15.000000
38.000000
50.000000
56.000000
75.000000
119.000000
148.000000
107.000000
113.000000
159.000000
153.000000
188.000000
85.000000
100.000000
120.000000
99.000000
99.000000
163.000000
255.000000
200.000000
264.000000
254.000000
256.000000
119.000000
220.000000
372.000000
344.000000
554.000000
265.000000
364.000000
438.000000
310.000000
253.000000
211.000000
227.000000
271.000000
371.000000
283.000000
324.000000
355.000000
479.000000
446.000000
636.000000
506.000000
311.000000
415.000000
546.000000
476.000000
420.000000
426.000000
514.000000
369.000000
238.000000
291.000000
306.000000
297.000000
520.000000
363.000000
413.000000
501.000000
547.000000
643.000000
732.000000
614.000000
561.000000
568.000000
613.000000
480.000000
541.000000
519.000000
599.000000
742.000000
813.000000
826.000000
533.000000
631.000000
693.000000
498.000000
657.000000
663.000000
622.000000
649.000000
607.000000
755.000000
663.000000
621.000000
666.000000
735.000000
830.000000
683.000000
822.000000
568.000000
455.000000
652.000000
764.000000
770.000000
862.000000
683.000000
1042.000000
763.000000
777.000000
579.000000
897.000000
842.000000
868.000000
883.000000
1009.000000
1215.000000
753.000000
655.000000
865.000000
664.000000
691.000000
679.000000
783.000000
530.000000
630.000000
631.000000
627.000000
771.000000
880.000000
1068.000000
1057.000000
989.000000
1010.000000
493.000000
944.000000
808.000000
671.000000
713.000000
1013.000000
878.000000
1072.000000
1078.000000
906.000000
779.000000
778.000000
705.000000
688.000000
566.000000
635.000000
668.000000
704.000000
636.000000
560.000000
661.000000
717.000000
839.000000
656.000000
1009.000000
706.000000
643.000000
714.000000
599.000000
572.000000
613.000000
663.000000
738.000000
775.000000
948.000000
655.000000
788.000000
799.000000
450.000000
633.000000
638.000000
674.000000
650.000000
887.000000
656.000000
603.000000
872.000000
606.000000
595.000000
742.000000
615.000000
679.000000
819.000000
723.000000
592.000000
659.000000
667.000000
1015.000000
874.000000
582.000000
647.000000
666.000000
481.000000
591.000000
553.000000
611.000000
664.000000
572.000000
793.000000
642.000000
861.000000
664.000000
577.000000
664.000000
685.000000
808.000000
725.000000
878.000000
848.000000
843.000000
709.000000
811.000000
688.000000
625.000000
908.000000
792.000000
775.000000
1139.000000
1151.000000
995.000000
871.000000
935.000000
638.000000
587.000000
708.000000
601.000000
1030.000000
811.000000
901.000000
673.000000
690.000000
863.000000
784.000000
831.000000
866.000000
786.000000
834.000000
931.000000
929.000000
914.000000
934.000000
913.000000
841.000000
802.000000
773.000000
645.000000
1077.000000
851.000000
1066.000000
999.000000
1090.000000
492.000000
636.000000
804.000000
496.000000
870.000000
939.000000
1005.000000
842.000000
701.000000
814.000000
922.000000
722.000000
847.000000
935.000000
1001.000000
742.000000
1005.000000
734.000000
652.000000
588.000000
853.000000
944.000000
501.000000
714.000000
723.000000
512.000000
787.000000
651.000000
711.000000
625.000000
1013.000000
787.000000
638.000000
891.000000
985.000000
671.000000
701.000000
915.000000
829.000000
922.000000
641.000000
787.000000
708.000000
862.000000
1080.000000
946.000000
744.000000
787.000000
967.000000
555.000000
845.000000
595.000000
346.000000
574.000000
1084.000000
1072.000000
1023.000000
850.000000
721.000000
724.000000
807.000000
1081.000000
1143.000000
785.000000
984.000000
920.000000
856.000000
705.000000
852.000000
873.000000
1005.000000
702.000000
668.000000
810.000000
849.000000
867.000000
598.000000
785.000000
785.000000
741.000000
863.000000
820.000000
1027.000000
1211.000000
846.000000
846.000000
938.000000
819.000000
1161.000000
1051.000000
1325.000000
961.000000
1258.000000
1272.000000
727.000000
942.000000
817.000000
1350.000000
1415.000000
1054.000000
749.000000
742.000000
725.000000
616.000000
339.000000
687.000000
674.000000
610.000000
618.000000
467.000000
612.000000
919.000000
617.000000
1124.000000
880.000000
674.000000
1112.000000
833.000000
1137.000000
877.000000
783.000000
449.000000
973.000000
762.000000
660.000000
894.000000
799.000000
333.000000
563.000000
574.000000
654.000000
743.000000
771.000000
650.000000
673.000000
880.000000
1020.000000
608.000000
552.000000
1020.000000
881.000000
954.000000
1035.000000
856.000000
662.000000
649.000000
738.000000
1194.000000
524.000000
658.000000
812.000000
638.000000
725.000000
1090.000000
732.000000
619.000000
829.000000
750.000000
679.000000
651.000000
760.000000
785.000000
1288.000000
809.000000
876.000000
659.000000
748.000000
844.000000
803.000000
730.000000
664.000000
469.000000
597.000000
968.000000
755.000000
861.000000
1274.000000
894.000000
893.000000
822.000000
667.000000
581.000000
543.000000
385.000000
703.000000
807.000000
679.000000
814.000000
909.000000
819.000000
577.000000
1107.000000
870.000000
747.000000
863.000000
581.000000
565.000000
805.000000
731.000000
364.000000
814.000000
787.000000
1052.000000
674.000000
667.000000
503.000000
596.000000
1227.000000
664.000000
620.000000
463.000000
958.000000
725.000000
298.000000
844.000000
988.000000
659.000000
605.000000
1067.000000
1273.000000
776.000000
634.000000
958.000000
712.000000
664.000000
888.000000
976.000000
623.000000
1198.000000
625.000000
760.000000
798.000000
1104.000000
795.000000
614.000000
561.000000
847.000000
867.000000
949.000000
822.000000
846.000000
643.000000
871.000000
683.000000
940.000000
882.000000
909.000000
918.000000
851.000000
802.000000
1001.000000
1123.000000
1129.000000
1261.000000
813.000000
1256.000000
1090.000000
501.000000
748.000000
634.000000
1023.000000
971.000000
710.000000
875.000000
760.000000
543.000000
714.000000
528.000000
463.000000
515.000000
701.000000
407.000000
669.000000
694.000000
850.000000
595.000000
673.000000
614.000000
1135.000000
918.000000
701.000000
521.000000
737.000000
529.000000
350.000000
554.000000
561.000000
488.000000
759.000000
595.000000
808.000000
983.000000
724.000000
867.000000
775.000000
1022.000000
650.000000
917.000000
1047.000000
522.000000
774.000000
751.000000
739.000000
479.000000
469.000000
679.000000
544.000000
812.000000
727.000000
725.000000
716.000000
868.000000
1085.000000
753.000000
899.000000
678.000000
738.000000
548.000000
907.000000
673.000000
831.000000
487.000000
717.000000
790.000000
732.000000
665.000000
910.000000
979.000000
894.000000
971.000000
742.000000
763.000000
1096.000000
904.000000
697.000000
831.000000
672.000000
655.000000



























527.000000






386.000000
482.000000
477.000000
476.000000





616.000000

406.000000

50.000000
182.000000
269.000000

22.000000
40.000000

